0.0,1.57,1.57,32.83
0.04,1.57,1.53,29.58
0.16,1.57,1.41,25.59
0.32,1.57,1.25,21.36
0.5,1.57,1.07,17.08
0.7,1.57,0.87,12.86
0.91,1.57,0.66,8.79
1.12,1.57,0.45,4.88
1.3,1.57,0.27,1.92
1.43,1.57,0.15,-0.04
1.51,1.57,0.06,-1.06
1.55,1.57,0.02,-1.32
1.56,1.57,0.01,-1.11
1.56,1.57,0.01,-0.74
1.56,1.57,0.01,-0.36
1.55,1.57,0.02,-0.06
1.54,1.57,0.03,0.18
1.54,1.57,0.03,0.37
1.54,1.57,0.03,0.38
1.54,1.57,0.03,0.38
1.54,1.57,0.03,0.37
1.55,1.57,0.02,0.33
1.55,1.57,0.02,0.31
1.55,1.57,0.02,0.27
1.55,1.57,0.02,0.25
1.55,1.57,0.02,0.26
1.55,1.57,0.02,0.24
1.55,1.57,0.02,0.25
1.55,1.57,0.02,0.25
1.55,1.57,0.02,0.26
1.55,1.57,0.02,0.26
1.55,1.57,0.02,0.26
1.55,1.57,0.02,0.26
1.55,1.57,0.02,0.26
1.55,1.57,0.02,0.27
1.55,1.57,0.02,0.27
1.55,1.57,0.02,0.27
1.55,1.57,0.02,0.27
1.55,1.57,0.02,0.27
1.55,1.57,0.02,0.27
1.55,1.57,0.02,0.27
1.55,1.57,0.02,0.27
1.55,1.57,0.02,0.27
1.56,1.57,0.02,0.24
1.56,1.57,0.02,0.24
1.56,1.57,0.02,0.24
1.56,1.57,0.02,0.24
1.56,1.57,0.02,0.24
1.56,1.57,0.02,0.24
1.56,1.57,0.02,0.24
1.56,1.57,0.02,0.24
1.56,1.57,0.02,0.24
1.56,1.57,0.02,0.24
1.56,1.57,0.02,0.24
1.56,1.57,0.02,0.24
1.56,1.57,0.02,0.24
1.56,1.57,0.02,0.24
1.56,1.57,0.02,0.24
1.56,1.57,0.02,0.24
1.56,1.57,0.02,0.24
1.56,1.57,0.02,0.24
1.56,1.57,0.02,0.24
1.56,1.57,0.02,0.24
1.56,1.57,0.02,0.24
1.56,1.57,0.02,0.24
1.56,1.57,0.02,0.24
1.56,1.57,0.02,0.24
1.56,1.57,0.02,0.24
1.56,1.57,0.02,0.24
1.56,1.57,0.02,0.24
1.56,1.57,0.02,0.24
1.56,1.57,0.02,0.24
1.56,1.57,0.02,0.24
1.56,1.57,0.02,0.24
1.56,1.57,0.02,0.24
1.56,1.57,0.02,0.24
1.56,1.57,0.02,0.24
1.56,1.57,0.02,0.24
1.56,1.57,0.02,0.24
1.56,1.57,0.02,0.24
1.56,1.57,0.02,0.24
1.56,1.57,0.02,0.24
1.56,1.57,0.02,0.24
1.56,1.57,0.02,0.24
1.56,1.57,0.02,0.24
1.56,1.57,0.02,0.24
1.56,1.57,0.02,0.24
1.56,1.57,0.02,0.24
1.56,1.57,0.02,0.24
1.56,1.57,0.02,0.24
1.56,1.57,0.02,0.24
1.56,1.57,0.02,0.24
1.56,1.57,0.02,0.24
1.56,1.57,0.02,0.24
1.56,1.57,0.02,0.24
1.56,1.57,0.02,0.24
1.56,1.57,0.02,0.24
1.56,1.57,0.02,0.24
1.56,0.0,0.0,-32.58
1.52,0.0,0.0,-29.46
1.4,0.0,0.0,-25.49
1.25,0.0,0.0,-21.23
1.06,0.0,0.0,-16.98
0.86,0.0,0.0,-12.78
0.66,0.0,-0.66,-8.74
0.44,0.0,-0.44,-4.82
0.27,0.0,-0.27,-1.89
0.14,0.0,-0.14,0.08
0.06,0.0,-0.06,1.07
0.02,0.0,-0.02,1.34
0.01,0.0,-0.01,1.13
0.01,0.0,-0.01,0.76
0.01,0.0,-0.01,0.35
0.02,0.0,-0.02,0.06
0.03,0.0,-0.03,-0.18
0.03,0.0,-0.03,-0.34
0.03,0.0,-0.03,-0.38
0.03,0.0,-0.03,-0.41
0.03,0.0,-0.03,-0.37
0.03,0.0,-0.03,-0.35
0.02,0.0,-0.02,-0.31
0.02,0.0,-0.02,-0.29
0.02,0.0,-0.02,-0.27
0.02,0.0,-0.02,-0.25
0.02,0.0,-0.02,-0.23
0.02,0.0,-0.02,-0.24
0.02,0.0,-0.02,-0.25
0.02,0.0,-0.02,-0.25
0.02,0.0,-0.02,-0.25
0.02,0.0,-0.02,-0.26
0.02,0.0,-0.02,-0.26
0.02,0.0,-0.02,-0.26
0.02,0.0,-0.02,-0.26
0.02,0.0,-0.02,-0.26
0.02,0.0,-0.02,-0.26
0.02,0.0,-0.02,-0.26
0.02,0.0,-0.02,-0.26
0.02,0.0,-0.02,-0.26
0.02,0.0,-0.02,-0.26
0.02,0.0,-0.02,-0.26
0.02,0.0,-0.02,-0.26
0.02,0.0,-0.02,-0.26
0.02,0.0,-0.02,-0.26
0.02,0.0,-0.02,-0.23
0.02,0.0,-0.02,-0.23
0.02,0.0,-0.02,-0.23
0.02,0.0,-0.02,-0.24
0.02,0.0,-0.02,-0.24
0.02,0.0,-0.02,-0.24
0.02,0.0,-0.02,-0.24
0.02,0.0,-0.02,-0.24
0.02,0.0,-0.02,-0.24
0.02,0.0,-0.02,-0.24
0.02,0.0,-0.02,-0.24
0.02,0.0,-0.02,-0.24
0.02,0.0,-0.02,-0.24
0.02,0.0,-0.02,-0.24
0.02,0.0,-0.02,-0.24
0.02,0.0,-0.02,-0.24
0.02,0.0,-0.02,-0.24
0.02,0.0,-0.02,-0.24
0.02,0.0,-0.02,-0.24
0.02,0.0,-0.02,-0.24
0.02,0.0,-0.02,-0.24
0.02,0.0,-0.02,-0.24
0.02,0.0,-0.02,-0.24
0.02,0.0,-0.02,-0.24
0.02,0.0,-0.02,-0.24
0.02,0.0,-0.02,-0.24
0.02,0.0,-0.02,-0.24
0.02,0.0,-0.02,-0.24
0.02,0.0,-0.02,-0.24
0.02,0.0,-0.02,-0.24
0.02,0.0,-0.02,-0.24
0.02,0.0,-0.02,-0.24
0.02,0.0,-0.02,-0.24
0.02,0.0,-0.02,-0.24
0.02,0.0,-0.02,-0.24
0.02,0.0,-0.02,-0.24
0.02,0.0,-0.02,-0.24
0.02,0.0,-0.02,-0.24
0.02,0.0,-0.02,-0.24
0.02,0.0,-0.02,-0.24
0.02,0.0,-0.02,-0.24
0.02,0.0,-0.02,-0.24
0.02,0.0,-0.02,-0.24
0.02,0.0,-0.02,-0.24
0.02,0.0,-0.02,-0.24
0.02,0.0,-0.02,-0.24
0.02,0.0,-0.02,-0.24
0.02,0.0,-0.02,-0.24
0.02,0.0,-0.02,-0.24
0.02,0.0,-0.02,-0.24
0.02,0.0,-0.02,-0.24
0.02,0.0,-0.02,-0.24
0.02,0.0,-0.02,-0.24
0.02,0.0,-0.02,-0.24
0.02,1.57,1.56,32.59
0.05,1.57,1.52,29.46
0.17,1.57,1.4,25.5
0.32,1.57,1.25,21.26
0.51,1.57,1.06,16.98
0.71,1.57,0.86,12.79
0.92,1.57,0.65,8.71
1.13,1.57,0.44,4.83
1.3,1.57,0.27,1.83
1.43,1.57,0.14,-0.1
1.51,1.57,0.06,-1.13
1.55,1.57,0.02,-1.36
1.57,1.57,0.0,-1.15
1.56,1.57,0.01,-0.75
1.56,1.57,0.01,-0.37
1.55,1.57,0.02,-0.08
1.55,1.57,0.02,0.16
1.54,1.57,0.03,0.32
1.54,1.57,0.03,0.36
1.54,1.57,0.03,0.36
1.54,1.57,0.03,0.35
1.55,1.57,0.02,0.34
1.55,1.57,0.02,0.29
1.55,1.57,0.02,0.27
1.55,1.57,0.02,0.25
1.55,1.57,0.02,0.26
1.55,1.57,0.02,0.24
1.55,1.57,0.02,0.25
1.55,1.57,0.02,0.25
1.55,1.57,0.02,0.29
1.55,1.57,0.02,0.29
1.55,1.57,0.02,0.26
1.55,1.57,0.02,0.26
1.56,1.57,0.02,0.23
1.56,1.57,0.02,0.24
1.56,1.57,0.02,0.24
1.56,1.57,0.02,0.24
1.56,1.57,0.02,0.24
1.56,1.57,0.02,0.24
1.56,1.57,0.02,0.24
1.56,1.57,0.02,0.24
1.56,1.57,0.02,0.24
1.56,1.57,0.02,0.24
1.56,1.57,0.02,0.24
1.56,1.57,0.02,0.24
1.56,1.57,0.02,0.24
1.56,1.57,0.02,0.24
1.56,1.57,0.02,0.24
1.56,1.57,0.02,0.24
1.56,1.57,0.02,0.24
1.56,1.57,0.02,0.24
1.56,1.57,0.02,0.24
1.56,1.57,0.02,0.24
1.56,1.57,0.02,0.24
1.56,1.57,0.02,0.24
1.56,1.57,0.02,0.24
1.56,1.57,0.02,0.24
1.56,1.57,0.02,0.24
1.56,1.57,0.02,0.24
1.56,1.57,0.02,0.24
1.56,1.57,0.02,0.24
1.56,1.57,0.02,0.24
1.56,1.57,0.02,0.24
1.56,1.57,0.02,0.24
1.56,1.57,0.02,0.24
1.56,1.57,0.02,0.24
1.56,1.57,0.02,0.24
1.56,1.57,0.02,0.24
1.56,1.57,0.02,0.24
1.56,1.57,0.02,0.24
1.56,1.57,0.02,0.24
1.56,1.57,0.02,0.24
1.56,1.57,0.02,0.24
1.56,1.57,0.02,0.24
1.56,1.57,0.02,0.24
1.56,1.57,0.02,0.24
1.56,1.57,0.02,0.24
1.56,1.57,0.02,0.24
1.56,1.57,0.02,0.24
1.56,1.57,0.02,0.24
1.56,1.57,0.02,0.24
1.56,1.57,0.02,0.24
1.56,1.57,0.02,0.24
1.56,1.57,0.02,0.24
1.56,1.57,0.02,0.24
1.56,1.57,0.02,0.24
1.56,1.57,0.02,0.24
1.56,1.57,0.02,0.24
1.56,1.57,0.02,0.24
1.56,1.57,0.02,0.24
1.56,1.57,0.02,0.24
1.56,1.57,0.02,0.24
1.56,1.57,0.02,0.24
1.56,1.57,0.02,0.24
1.56,1.57,0.02,0.24
1.56,1.57,0.02,0.24
1.56,1.57,0.02,0.24
1.56,1.57,0.02,0.24
1.56,0.0,0.0,-32.58
1.52,0.0,0.0,-29.46
1.4,0.0,0.0,-25.49
1.25,0.0,0.0,-21.26
1.06,0.0,0.0,-17.01
0.86,0.0,0.0,-12.81
0.66,0.0,-0.66,-8.76
0.45,0.0,-0.45,-4.85
0.27,0.0,-0.27,-1.91
0.14,0.0,-0.14,0.06
0.06,0.0,-0.06,1.05
0.02,0.0,-0.02,1.31
0.01,0.0,-0.01,1.1
0.01,0.0,-0.01,0.74
0.01,0.0,-0.01,0.36
0.02,0.0,-0.02,0.06
0.02,0.0,-0.02,-0.14
0.03,0.0,-0.03,-0.34
0.03,0.0,-0.03,-0.38
0.03,0.0,-0.03,-0.41
0.03,0.0,-0.03,-0.37
0.03,0.0,-0.03,-0.35
0.02,0.0,-0.02,-0.31
0.02,0.0,-0.02,-0.29
0.02,0.0,-0.02,-0.27
0.02,0.0,-0.02,-0.25
0.02,0.0,-0.02,-0.23
0.02,0.0,-0.02,-0.24
0.02,0.0,-0.02,-0.22
0.02,0.0,-0.02,-0.22
0.02,0.0,-0.02,-0.23
0.02,0.0,-0.02,-0.23
0.02,0.0,-0.02,-0.23
0.02,0.0,-0.02,-0.23
0.02,0.0,-0.02,-0.24
0.02,0.0,-0.02,-0.24
0.02,0.0,-0.02,-0.24
0.02,0.0,-0.02,-0.24
0.02,0.0,-0.02,-0.24
0.02,0.0,-0.02,-0.24
0.02,0.0,-0.02,-0.24
0.02,0.0,-0.02,-0.24
0.02,0.0,-0.02,-0.24
0.02,0.0,-0.02,-0.24
0.02,0.0,-0.02,-0.24
0.02,0.0,-0.02,-0.24
0.02,0.0,-0.02,-0.24
0.02,0.0,-0.02,-0.24
0.02,0.0,-0.02,-0.24
0.02,0.0,-0.02,-0.24
0.02,0.0,-0.02,-0.24
0.02,0.0,-0.02,-0.24
0.02,0.0,-0.02,-0.24
0.02,0.0,-0.02,-0.24
0.02,0.0,-0.02,-0.24
0.02,0.0,-0.02,-0.24
0.02,0.0,-0.02,-0.24
0.02,0.0,-0.02,-0.24
0.02,0.0,-0.02,-0.24
0.02,0.0,-0.02,-0.24
0.02,0.0,-0.02,-0.24
0.02,0.0,-0.02,-0.24
0.02,0.0,-0.02,-0.24
0.02,0.0,-0.02,-0.24
0.02,0.0,-0.02,-0.24
0.02,0.0,-0.02,-0.24
0.02,0.0,-0.02,-0.24
0.02,0.0,-0.02,-0.24
0.02,0.0,-0.02,-0.24
0.02,0.0,-0.02,-0.24
0.02,0.0,-0.02,-0.24
0.02,0.0,-0.02,-0.24
0.02,0.0,-0.02,-0.24
0.02,0.0,-0.02,-0.24
0.02,0.0,-0.02,-0.24
0.02,0.0,-0.02,-0.24
0.02,0.0,-0.02,-0.24
0.02,0.0,-0.02,-0.24
0.02,0.0,-0.02,-0.24
0.02,0.0,-0.02,-0.24
0.02,0.0,-0.02,-0.24
0.02,0.0,-0.02,-0.24
0.02,0.0,-0.02,-0.24
0.02,0.0,-0.02,-0.24
0.02,0.0,-0.02,-0.24
0.02,0.0,-0.02,-0.24
0.02,0.0,-0.02,-0.24
0.02,0.0,-0.02,-0.24
0.02,0.0,-0.02,-0.24
0.02,0.0,-0.02,-0.24
0.02,0.0,-0.02,-0.24
0.02,0.0,-0.02,-0.24
